L0 Top pinbasis in uchannel frame
[array([-50.04024306,  25.87645249, -37.87452364]), array([[ 3.53448839e-04, -9.99997602e-01, -2.16116498e-03],
       [-1.40931102e-03, -2.16166109e-03,  9.99996671e-01],
       [-9.99998944e-01, -3.50401908e-04, -1.41007168e-03]]), array([-50.04024306,  25.87645249, -37.87452364]), array([-50.00162699, -83.37833362, -38.11064182]), array([-1.40984210e-03, -6.54577957e-04,  9.99998792e-01])]
L1 Top pinbasis in uchannel frame
[array([-1.80365764e-02,  2.62181815e+01, -3.83293374e+01]), array([[ 2.41755257e-05, -9.99994275e-01, -3.38368179e-03],
       [-1.25742423e-03, -3.38370951e-03,  9.99993485e-01],
       [-9.99999209e-01, -1.99206448e-05, -1.25749884e-03]]), array([-1.80365764e-02,  2.62181815e+01, -3.83293374e+01]), array([-1.53962989e-02, -8.29940177e+01, -3.86988788e+01]), array([-1.25749531e-03, -1.75816390e-04,  9.99999194e-01])]
L2 Top pinbasis in uchannel frame
[array([ 90.39487321,  95.27831373, -48.11895166]), array([[ 7.65106497e-04, -9.99991466e-01, -4.05975613e-03],
       [ 1.92807902e-04, -4.05960973e-03,  9.99991741e-01],
       [-9.99999689e-01, -7.65882931e-04,  1.89700222e-04]]), array([ 90.39487321,  95.27831373, -48.11895166]), array([ 90.54060104, -95.18743138, -48.89220273]), array([ 1.89750386e-04, -6.54251051e-05,  9.99999980e-01])]
L3 Top pinbasis in uchannel frame
[array([190.46632481,  95.3326626 , -50.05499102]), array([[ 6.83164748e-04, -9.99999572e-01, -6.23266089e-04],
       [ 3.02854043e-05, -6.23245545e-04,  9.99999805e-01],
       [-9.99999766e-01, -6.83183491e-04,  2.98596119e-05]]), array([190.46632481,  95.3326626 , -50.05499102]), array([190.59644291, -95.13097041, -50.1737006 ]), array([2.98273598e-05, 4.72187567e-05, 9.99999998e-01])]
L0 Bot pinbasis in uchannel frame
[array([-49.95513592, -26.08254185, -38.03094106]), array([[-9.93748814e-04,  9.99999493e-01, -1.63056837e-04],
       [ 6.99014170e-04,  1.63751522e-04,  9.99999742e-01],
       [ 9.99999262e-01,  9.93634579e-04, -6.99176543e-04]]), array([-49.95513592, -26.08254185, -38.03094106]), array([-50.06368562,  83.14992805, -38.04875217]), array([ 6.99526290e-04, -3.51682970e-04,  9.99999693e-01])]
L1 Bot pinbasis in uchannel frame
[array([ 2.96138717e-02, -2.62017431e+01, -3.82222726e+01]), array([[ 5.61333412e-04,  9.99998354e-01, -1.72528774e-03],
       [ 7.84691124e-04,  1.72484701e-03,  9.99998205e-01],
       [ 9.99999535e-01, -5.62686222e-04, -7.83721619e-04]]), array([ 2.96138717e-02, -2.62017431e+01, -3.82222726e+01]), array([  0.09091415,  83.00282841, -38.4106822 ]), array([7.83775544e-04, 9.56207356e-05, 9.99999688e-01])]
L2 Bot pinbasis in uchannel frame
[array([109.5946775 , -95.22904279, -48.30089381]), array([[-1.72488379e-04,  9.99999938e-01, -3.05378388e-04],
       [ 2.96820961e-04,  3.05429577e-04,  9.99999909e-01],
       [ 9.99999941e-01,  1.72397721e-04, -2.96873625e-04]]), array([109.5946775 , -95.22904279, -48.30089381]), array([109.5618236 ,  95.24121501, -48.35905931]), array([2.96844803e-04, 1.67187487e-04, 9.99999942e-01])]
L3 Bot pinbasis in uchannel frame
[array([209.60060705, -95.2746201 , -49.87065427]), array([[-1.27711819e-04,  9.99999981e-01,  1.44696269e-04],
       [-3.66194665e-04, -1.44743028e-04,  9.99999922e-01],
       [ 9.99999925e-01,  1.27658822e-04,  3.66213144e-04]]), array([209.60060705, -95.2746201 , -49.87065427]), array([209.5762797 ,  95.21164122, -49.84309162]), array([-3.66221559e-04,  6.59036890e-05,  9.99999931e-01])]

L0 Top Axial sensor in fixture frame
[array([129.47165   ,  13.19432333,  10.71367667]), array([[-9.99985202e-01, -3.65346175e-03,  4.03084997e-03],
       [ 5.43337216e-03, -7.07770386e-01,  7.06421658e-01],
       [ 2.72031727e-04,  7.06433106e-01,  7.07779763e-01]]), array([129.07793333,   8.21392   ,  15.68192   ,   0.22051333,
        -0.21974667]), array([-0.99998524, -0.00384865,  0.00383529]), array([ 1.29277353e+02,  7.99564667e+00,  1.58817267e+01,  1.79954200e+02,
       -2.56333333e-02]), array([ 9.99999580e-01, -7.99360632e-04,  4.47386050e-04])]
L0 Top Stereo sensor in fixture frame
[array([128.64574,   7.54131,   5.02804]), array([[ 9.95743270e-01, -6.55988649e-02,  6.47466483e-02],
       [ 9.21698159e-02,  7.06745653e-01, -7.01438028e-01],
       [ 2.54126215e-04,  7.04419883e-01,  7.09783463e-01]]), array([129.893  ,   2.61088,   9.92247,  -3.7564 ,   3.72519]), array([ 0.9957433 , -0.06537617,  0.06497103]), array([128.15596,   2.24784,  10.2888 , 175.77829,  -4.09455]), array([ 0.99474116, -0.07342819,  0.07140257])]
L1 Top Axial sensor in fixture frame
[array([129.57652,  13.21459,  10.64964]), array([[-9.99972008e-01, -5.21659807e-03,  5.36373776e-03],
       [ 7.48134739e-03, -7.07615327e-01,  7.06558263e-01],
       [ 1.09632576e-04,  7.06578613e-01,  7.07634547e-01]]), array([ 128.93065,    8.23059,   15.61813, -179.6643 ,    0.27046]), array([-0.99997169, -0.00585897,  0.0047204 ]), array([128.65458,   7.9536 ,  15.87558,  -0.14766,   0.21854]), array([ 0.9999894 , -0.00257713,  0.00381423])]
L1 Top Stereo sensor in fixture frame
[array([128.69263,   7.50249,   5.1054 ]), array([[ 9.95813441e-01, -6.45974266e-02,  6.46742891e-02],
       [ 9.14085603e-02,  7.05717855e-01, -7.02571551e-01],
       [-2.57486389e-04,  7.05541977e-01,  7.08668083e-01]]), array([129.6709 ,   2.56018,  10.02324,  -3.70724,   3.71246]), array([ 0.99581341, -0.06452272,  0.06474932]), array([130.59892,   2.3399 ,  10.25747,  -4.18283,   4.16891]), array([ 0.9946975 , -0.07274633,  0.07269702])]
L0 Bot Axial sensor in fixture frame
[array([129.55768,  13.28766,  10.69635]), array([[ 0.99999445, -0.00306392,  0.00130963],
       [ 0.00309201,  0.70678658, -0.70742008],
       [ 0.00124184,  0.7074202 ,  0.70679213]]), array([ 1.2932598e+02,  8.3180600e+00,  1.5671050e+01,  1.7980910e+02,
       -5.9700000e-02]), array([ 0.99999391, -0.00333183,  0.00104196]), array([ 1.3000989e+02,  8.0627900e+00,  1.5870270e+01, -1.7973143e+02,
        7.1840000e-02]), array([-0.99998823, -0.00468741,  0.00125384])]
L0 Bot Stereo sensor in fixture frame
[array([128.71473,   7.50603,   5.08316]), array([[ 9.95910687e-01, -6.36625491e-02,  6.41013459e-02],
       [ 9.03419517e-02,  7.05585283e-01, -7.02842614e-01],
       [-4.84213864e-04,  7.05759512e-01,  7.08451323e-01]]), array([129.83028,   2.572  ,   9.99198,  -3.63933,   3.69363]), array([ 0.99591037, -0.06334374,  0.06442136]), array([129.74362,   2.3202 ,  10.26899,  -4.07296,   4.13213]), array([ 0.99488151, -0.07084208,  0.07205677])]
L1 Bot Axial sensor in fixture frame
[array([129.57472,  13.34723,  10.61517]), array([[ 9.99984277e-01, -4.47160963e-03,  3.38392284e-03],
       [ 5.55523406e-03,  7.07586177e-01, -7.06605223e-01],
       [ 7.65245689e-04,  7.06612911e-01,  7.07599893e-01]]), array([129.17921,   8.37032,  15.58066, 179.74269,  -0.19278]), array([ 0.99998426, -0.00449087,  0.00336464]), array([129.41204,   8.09466,  15.83905, 179.84901,   0.20249]), array([-0.99999028,  0.00263525,  0.00353411])]
L1 Bot Stereo sensor in fixture frame
[array([128.7409 ,   7.61175,   4.96823]), array([[ 9.96243802e-01, -6.15825922e-02,  6.08758749e-02],
       [ 8.65923361e-02,  7.10408165e-01, -6.98442558e-01],
       [-2.34815311e-04,  7.01090454e-01,  7.13072311e-01]]), array([129.35828,   2.61784,   9.88095,  -3.55891,   3.46799]), array([ 0.99624378, -0.06196109,  0.06049089]), array([129.8246 ,   2.32857,  10.17507,  -4.05243,   3.91766]), array([ 0.99516891, -0.07050416,  0.0683228 ])]

L0 Top Axial sensor in pin frame
Origin: [54.24915181 38.57218348  4.01588344]  Normal: [-1.34882596e-04 -2.05119722e-03  9.99997887e-01]  Stereo Angle: 0.2706832452853736
L0 Top Stereo sensor in pin frame
Origin: [55.07398736 38.57460377 -4.00189629]  Normal: [-1.21831896e-04  7.89230084e-04  9.99999681e-01]  Stereo Angle: -0.011930034309215581
L1 Top Axial sensor in pin frame
Origin: [54.14437954 38.51248607  3.98476851]  Normal: [ 2.78676407e-05 -2.25649158e-03  9.99997454e-01]  Stereo Angle: 0.05303379223914619
L1 Top Stereo sensor in pin frame
Origin: [55.02696082 38.65659296 -3.97439154]  Normal: [ 3.92484269e-04 -7.92033108e-04  9.99999609e-01]  Stereo Angle: -0.0072352135449542665
L0 Bot Axial sensor in pin frame
Origin: [54.16326311 38.4936247   4.06940688]  Normal: [-0.00110231 -0.00344919  0.99999344]  Stereo Angle: -0.6176346244057146
L0 Bot Stereo sensor in pin frame
Origin: [55.00489017 38.63836579 -3.98766617]  Normal: [ 6.19736266e-04 -1.09873844e-03  9.99999204e-01]  Stereo Angle: -0.0007890887329046151
L1 Bot Axial sensor in pin frame
Origin: [54.14639109 38.39411678  4.05382975]  Normal: [-6.27661225e-04 -2.30636790e-03  9.99997143e-01]  Stereo Angle: -0.27535170119460367
L1 Bot Stereo sensor in pin frame
Origin: [54.97898593 38.48231844 -3.99464366]  Normal: [3.59107731e-04 5.46995303e-03 9.99984975e-01]  Stereo Angle: -0.021453223687134676

L0 Top Axial sensor in uchannel frame
Origin: [-54.09130816 -28.4573564    0.57462736]  Normal: [-9.99993989e-01 -2.11084902e-04 -3.46096759e-03]  Stereo Angle: -0.001964174400188409
L0 Top Stereo sensor in uchannel frame
Origin: [-46.07324877 -29.27938576   0.58657069]  Normal: [-9.99999781e-01 -2.30276241e-04 -6.20580475e-04]  Stereo Angle: 0.09606386472828643
L1 Top Axial sensor in uchannel frame
Origin: [-4.04991950e+00 -2.80562825e+01 -5.32043994e-03]  Normal: [-9.99993825e-01 -4.01527632e-05 -3.51406681e-03]  Stereo Angle: -0.002792621183044026
L1 Top Stereo sensor in uchannel frame
Origin: [  3.90907439 -28.93918784   0.14580778]  Normal: [-9.99997813e-01 -4.09722649e-04 -2.05085433e-03]  Stereo Angle: 0.09652508936963831
L0 Bot Axial sensor in uchannel frame
Origin: [-45.91264914  28.09104069   0.4509968 ]  Normal: [ 9.99991390e-01 -1.09243117e-04 -4.14818077e-03]  Stereo Angle: -0.004569060991198046
L0 Bot Stereo sensor in uchannel frame
Origin: [-53.97045143  28.92468524   0.60123394]  Normal: [ 0.99999708  0.00161319 -0.00179802]  Stereo Angle: -0.09219370215780222
L1 Bot Axial sensor in uchannel frame
Origin: [ 4.14396344 28.00850183  0.07518008]  Normal: [ 0.99999452 -0.00119432 -0.003089  ]  Stereo Angle: -0.008590557328233345
L1 Bot Stereo sensor in uchannel frame
Origin: [-3.90396965 28.8457762   0.16825288]  Normal: [ 9.99989004e-01 -1.94135796e-04  4.68561380e-03]  Stereo Angle: -0.0899730122042743

L0 Top Axial sensor in uchannel frame uchannel measurement
Z: -54.10317  Y: 7.87369
L0 Top Stereo sensor in uchannel frame uchannel measurement
Z: -46.06317  Y: 8.43861
L1 Top Axial sensor in uchannel frame uchannel measurement
Z: -4.12675  Y: 7.65318
L1 Top Stereo sensor in uchannel frame uchannel measurement
Z: 3.85449  Y: 7.95288
L2 Top Axial sensor in uchannel frame uchannel measurement
Z: 95.83884  Y: 7.18202
L2 Top Stereo sensor in uchannel frame uchannel measurement
Z: 104.55273  Y: 7.32574
L3 Top Axial sensor in uchannel frame uchannel measurement
Z: 195.91052  Y: 5.68903
L3 Top Stereo sensor in uchannel frame uchannel measurement
Z: 204.36921  Y: 5.66099
L0 Bot Axial sensor in uchannel frame uchannel measurement
Z: -46.00619  Y: 7.87054
L0 Bot Stereo sensor in uchannel frame uchannel measurement
Z: -54.05355  Y: 8.05889
L1 Bot Axial sensor in uchannel frame uchannel measurement
Z: 4.12062  Y: 7.47369
L1 Bot Stereo sensor in uchannel frame uchannel measurement
Z: -3.90185  Y: 7.43349
L2 Bot Axial sensor in uchannel frame uchannel measurement
Z: 103.97422  Y: 7.11466
L2 Bot Stereo sensor in uchannel frame uchannel measurement
Z: 95.62154  Y: 6.69231
L3 Bot Axial sensor in uchannel frame uchannel measurement
Z: 204.1419  Y: 5.66258
L3 Bot Stereo sensor in uchannel frame uchannel measurement
Z: 195.61621  Y: 5.99629

Horizontal Wire Top in uchannel frame uchannel measurement
Position [-7.993253e+01 -1.431121e+01  1.587547e+01  9.021338e+01  1.390000e-03]  Stereo angle: 2.4260244846542805e-05
Sho top wire w.r.t. UChannel 16.0075  Difference: -0.1320300000000003
Diagonal Wire Top in uchannel frame uchannel measurement
Position [-80.20192 -14.03084  16.17538 -89.81303  -8.92167]  Stereo angle: 0.156984167294833
Horizontal Wire Bot in uchannel frame uchannel measurement
Position [-8.149162e+01  1.713384e+01  1.583889e+01 -8.987309e+01  8.760000e-03]  Stereo angle: -0.0001528912187243191
Sho bot wire w.r.t. UChannel 15.8045  Difference: 0.034389999999998366
Diagonal Wire Bot in uchannel frame uchannel measurement
Position [-81.89325  16.51584  15.74494 -89.9457    8.91128]  Stereo angle: -0.15679759855242303

L0 Top Axial sensor residuals (fixture - uchannel)
Z: 0.001262447420280921  Y: 0.03125576389198237
L0 Top Stereo sensor residuals (fixture - uchannel)
Z: -0.019646926409215837  Y: -0.38926430894314734
L1 Top Axial sensor residuals (fixture - uchannel)
Z: 0.07016357718736543  Y: -0.24463678172239955
L1 Top Stereo sensor residuals (fixture - uchannel)
Z: 0.030651021229480158  Y: -0.5103593286872261
L0 Bot Axial sensor residuals (fixture - uchannel)
Z: 0.08525827747201475  Y: -0.067113333809532
L0 Bot Stereo sensor residuals (fixture - uchannel)
Z: 0.1114212101605645  Y: -0.12543495623000744
L1 Bot Axial sensor residuals (fixture - uchannel)
Z: 0.031179851528402303  Y: 0.00948003858643176
L1 Bot Stereo sensor residuals (fixture - uchannel)
Z: -0.028475033147201678  Y: 0.1524956286360437

L0 Top Axial sensor in JLab frame
Origin: [ 1.67903102  7.84837264 38.79269184]  Normal: [-9.99993989e-01 -2.11084902e-04 -3.46096759e-03]
L0 Top Stereo sensor in JLab frame
Origin: [ 2.25616517  7.83642931 46.81075123]  Normal: [-9.99999781e-01 -2.30276241e-04 -6.20580475e-04]
L1 Top Axial sensor in JLab frame
Origin: [ 2.46228254  8.42832044 88.8340805 ]  Normal: [-9.99993825e-01 -4.01527632e-05 -3.51406681e-03]
L1 Top Stereo sensor in JLab frame
Origin: [ 3.34518784  8.27719222 96.79307439]  Normal: [-9.99997813e-01 -4.09722649e-04 -2.05085433e-03]
L2 Top Axial sensor in JLab frame
Z: 95.83884  Y: 1.2409800000000004
L2 Top Stereo sensor in JLab frame
Z: 104.55273  Y: 1.0972600000000003
L3 Top Axial sensor in JLab frame
Z: 195.91052  Y: 2.7339700000000002
L3 Top Stereo sensor in JLab frame
Z: 204.36921  Y: 2.76201
L0 Bot Axial sensor in JLab frame
Origin: [ 1.06341217 -7.9720032  62.83735086]  Normal: [ 9.99991390e-01 -1.09243117e-04 -4.14818077e-03]
L0 Bot Stereo sensor in JLab frame
Origin: [ 2.14239387 -7.82176606 54.77954857]  Normal: [ 0.99999708  0.00161319 -0.00179802]
L1 Bot Axial sensor in JLab frame
Origin: [  2.89850183  -8.34781992 112.89396344]  Normal: [ 0.99999452 -0.00119432 -0.003089  ]
L1 Bot Stereo sensor in JLab frame
Origin: [  3.7357762   -8.25474712 104.84603035]  Normal: [ 9.99989004e-01 -1.94135796e-04  4.68561380e-03]
L2 Bot Axial sensor in JLab frame
Z: 103.97422  Y: -1.3083400000000003
L2 Bot Stereo sensor in JLab frame
Z: 95.62154  Y: -1.73069
L3 Bot Axial sensor in JLab frame
Z: 204.1419  Y: -2.76042
L3 Bot Stereo sensor in JLab frame
Z: 195.61621  Y: -2.42671

L0 Top Axial sensor residual in JLab frame
Origin: x -0.5224310211543319  y -0.08587263595837769  z -0.4306918374136828
L0 Top Stereo sensor residual in JLab frame
Origin: x -0.09396516616799166  y -0.11272931287497734  z -0.8817512328892931
L1 Top Axial sensor residual in JLab frame
Origin: x -0.0341825449330142  y -0.3658204399426932  z -0.4880805041225216
L1 Top Stereo sensor residual in JLab frame
Origin: x 0.08861215506070019  y -0.25349222197100296  z -0.8790743860558763
L2 Top Axial sensor residual in JLab frame
Z: 95.83884  Y: -0.055019999999999625
L2 Top Stereo sensor residual in JLab frame
Z: 104.55273  Y: 1.0972600000000003
L3 Top Axial sensor residual in JLab frame
Z: 195.91052  Y: -0.062029999999999585
L3 Top Stereo sensor residual in JLab frame
Z: 204.36921  Y: 2.76201
L0 Bot Axial sensor residual in JLab frame
Origin: x 0.7961878304289132  y 0.20950319805140083  z -1.248350861802109
L0 Bot Stereo sensor residual in JLab frame
Origin: x 0.2599061339790629  y 0.09806606338900536  z -0.8045485741008562
L1 Bot Axial sensor residual in JLab frame
Origin: x 0.23799816802287843  y 0.2853199169518934  z -1.3239634401484608
L1 Bot Stereo sensor residual in JLab frame
Origin: x -0.05657619736764907  y 0.23104712036477615  z -0.886030346614703
L2 Bot Axial sensor residual in JLab frame
Z: 103.97422  Y: -0.01234000000000024
L2 Bot Stereo sensor residual in JLab frame
Z: 95.62154  Y: -1.73069
L3 Bot Axial sensor residual in JLab frame
Z: 204.1419  Y: 0.035579999999999945
L3 Bot Stereo sensor residual in JLab frame
Z: 195.61621  Y: -2.42671
